data_preparation: 14.463639497756958
run_asmooth: 4.454885005950928
compute_correlations: 0.059586286544799805
