data_preparation: 0.448441743850708
run_asmooth: 1.116988182067871
TSmap_estimator: 43.489102840423584
