data_preparation: 15.373904705047607
run_asmooth: 4.512521743774414
compute_correlations: 0.05891847610473633
compute_ExcessProfileEstimator: 0.057463645935058594
